$ANSIBLE_VAULT;1.1;AES256
36386632353231386139656136383336303034646135373038323366313634653565386539316230
6333346439346165666634336266643265343832633136610a316237636636643562343939336431
36666631646238313033376235316237343730633266393436396333393263333564646334333934
3735366533326261650a646465653037303337386466643032313861313764383037353236336534
36376636376665386139353166393463643934626438376533366233666333643737646233343036
32333635396538306266666434333664613363643335346637343038343836616232373363653939
33346665613739393465383361653664316631313031613162396335646263303130396235663662
30326335346434336265666136626663303862366437613039353933376662636331386561353835
37383638623963623732316639336135393731353964633365376436623062313136363335356430
34326261313639656135383131313262346434663062613461383264633638663037303065336232
66386230313566653330336536623336323739373339386463336266383566306261353062613232
35356132373838326437356266303730366634323835353935386231633431653663353537383262
66633631643065373366616339613466333634333133643139383732366533303337363036356465
35653962613638396431303030373432353036326531633963646464623763366461353834663334
36346233376161373338386534356230653536346339313563336231333863323731333465393836
66383934333231303432
