$ANSIBLE_VAULT;1.1;AES256
39356231336639356661356263666161663863663461353339303934316438626636623963343366
6262306466633337383463623234653335363439636232370a623339653331653164346465313033
34653731353233623266663665636233616338323566386139323334636565396537343539343165
3364393365346462640a316539363738633239333839626464666162343036343339333763333934
30393661363764363339373435366465333839343061343961633763636664386665316632383534
62353637626361393331346662363265353837646361643739346139663230326131653637653631
61373832643332386531383464353932333232336438363733396265613063316531366564396530
31336335356165393937383666336133306434336661336233313038636661613533343434306635
61353833313037373665353834656566383631333630373761613233303135393736663336353238
63623530663331353662393137633566303330613066663366666664343064326138303032643839
38666561646631663937313430636538643739373738333132613137356630653834383836363165
34386238333838663735373630616438636139653462353531346535343135636463383061343431
37363261303262636232653566353066306535613732386139303466396666656265366631636663
61383162643966663764363536396361656330393139393838663139363032326637646131363266
31313032663131336130316337333936363734336361616664303036326534663233366365336261
35626238353231356238383731313939326132376336636564613162636632363931336562373362
66623834353338326165393461336134383965326535303865623731653866393332393031303435
65336638326332626238353666313762363235393765303262306535323939646232643165656235
35313861303764366333376364653134303838383234316565373363663530313764646332343638
62326538383931323762313430643066623662306332356361663630646663653062353036636631
35643763336135353839376533393432663535633533336364333031393235326630656334666638
39613561333964343933626139626437613937626133656137613463653063343865613231386561
34303066653462633365376136323364663431313963363535313230323436326232646236313834
62386536616134623563393235626565313939386237666663366137626334306633333936323561
36373263343530386231663330623330353763616666366436646635653766326337